393936.0
7240.0
4344.0
8688.0
10136.0
2896.0
7240.0
5792.0
2896.0
2896.0
4344.0
4344.0
4344.0
13032.0
4344.0
2896.0
7240.0
2896.0
2896.0
7240.0
2896.0
4344.0
4344.0
4344.0
13032.0
10136.0
8688.0
2896.0
2896.0
7240.0
7240.0
15928.0
8688.0
8688.0
2896.0
7240.0
14480.0
2896.0
5792.0
2896.0
5792.0
2896.0
2896.0
4344.0
2896.0
370688.0
5792.0
8688.0
4344.0
4344.0
2896.0
4344.0
4344.0
4344.0
10136.0
2896.0
2896.0
2896.0
4344.0
4344.0
8688.0
4344.0
4344.0
5792.0
10136.0
8688.0
5792.0
5792.0
5792.0
2896.0
5792.0
8688.0
370688.0
8688.0
5792.0
4344.0
2896.0
2896.0
4344.0
11584.0
2896.0
4344.0
5792.0
13032.0
2896.0
14480.0
7240.0
4344.0
17376.0
4344.0
2896.0
2896.0
2896.0
2896.0
10136.0
2896.0
10136.0
5792.0
5792.0
7240.0
5792.0
4344.0
2896.0
2896.0
7240.0
4344.0
8688.0
7240.0
8688.0
14480.0
1365544.0
393936.0
11584.0
18824.0
2896.0
2896.0
2896.0
2896.0
15928.0
7240.0
2896.0
2896.0
2896.0
5792.0
4344.0
4344.0
4344.0
8688.0
2896.0
17376.0
4344.0
7240.0
2896.0
10136.0
2896.0
2896.0
4344.0
2896.0
2896.0
4344.0
5792.0
2896.0
4344.0
2896.0
5792.0
13032.0
5792.0
4344.0
2896.0
5792.0
4344.0
4344.0
2896.0
2896.0
2896.0
4344.0
2896.0
4344.0
4344.0
2896.0
366344.0
2896.0
7240.0
2896.0
5792.0
2896.0
10136.0
7240.0
4344.0
4344.0
13032.0
4344.0
2896.0
4344.0
4344.0
5792.0
10136.0
10136.0
5792.0
4344.0
11584.0
10136.0
13032.0
4344.0
4344.0
4344.0
4344.0
5792.0
4344.0
8688.0
13032.0
2896.0
2896.0
5792.0
14480.0
2896.0
14480.0
4344.0
14480.0
11584.0
4344.0
2896.0
2896.0
13032.0
5792.0
5792.0
2896.0
7240.0
2896.0
4344.0
2896.0
10136.0
7240.0
7240.0
8688.0
8688.0
4344.0
11584.0
4344.0
4344.0
634304.0
634304.0
634304.0
635752.0
635752.0
635752.0
635752.0
635752.0
635752.0
635752.0
635752.0
635752.0
635752.0
635752.0
635752.0
635752.0
635752.0
635752.0
647336.0
635752.0
635752.0
635752.0
635752.0
635752.0
635752.0
635752.0
635752.0
635752.0
635752.0
635752.0
635752.0
635752.0
635752.0
635752.0
635752.0
635752.0
635752.0
635752.0
635752.0
635752.0
635752.0
635752.0
635752.0
635752.0
635752.0
635752.0
635752.0
635752.0
635752.0
635752.0
635752.0
635752.0
635752.0
641544.0
641544.0
641544.0
647336.0
641544.0
641544.0
641544.0
641544.0
641544.0
641544.0
641544.0
641544.0
641544.0
641544.0
641544.0
641544.0
641544.0
641544.0
641544.0
641544.0
641544.0
647336.0
641544.0
641544.0
641544.0
641544.0
641544.0
641544.0
647336.0
641544.0
641544.0
641544.0
641544.0
647336.0
641544.0
641544.0
641544.0
641544.0
641544.0
641544.0
641544.0
641544.0
641544.0
641544.0
641544.0
641544.0
641544.0
641544.0
641544.0
641544.0
641544.0
641544.0
641544.0
641544.0
641544.0
641544.0
641544.0
641544.0
641544.0
647336.0
641544.0
641544.0
647336.0
647336.0
641544.0
647336.0
647336.0
641544.0
647336.0
647336.0
641544.0
641544.0
641544.0
641544.0
641544.0
641544.0
641544.0
641544.0
641544.0
641544.0
641544.0
641544.0
641544.0
641544.0
641544.0
641544.0
641544.0
641544.0
641544.0
640096.0
641544.0
638648.0
641544.0
638648.0
641544.0
641544.0
641544.0
641544.0
641544.0
641544.0
641544.0
641544.0
640096.0
641544.0
641544.0
641544.0
641544.0
641544.0
641544.0
641544.0
638648.0
637200.0
641544.0
641544.0
641544.0
641544.0
641544.0
638648.0
641544.0
640096.0
641544.0
641544.0
638648.0
638648.0
638648.0
641544.0
641544.0
641544.0
641544.0
641544.0
641544.0
641544.0
641544.0
641544.0
641544.0
641544.0
638648.0
641544.0
641544.0
650232.0
641544.0
641544.0
641544.0
641544.0
641544.0
641544.0
641544.0
641544.0
641544.0
641544.0
641544.0
641544.0
641544.0
641544.0
641544.0
641544.0
641544.0
641544.0
641544.0
641544.0
641544.0
641544.0
641544.0
641544.0
641544.0
641544.0
641544.0
641544.0
641544.0
641544.0
641544.0
641544.0
641544.0
641544.0
641544.0
641544.0
641544.0
641544.0
641544.0
641544.0
641544.0
641544.0
641544.0
641544.0
641544.0
641544.0
641544.0
641544.0
641544.0
641544.0
641544.0
641544.0
641544.0
641544.0
641544.0
641544.0
641544.0
641544.0
641544.0
641544.0
641544.0
641544.0
641544.0
641544.0
641544.0
641544.0
641544.0
641544.0
641544.0
641544.0
641544.0
641544.0
641544.0
641544.0
641544.0
641544.0
641544.0
641544.0
641544.0
641544.0
641544.0
641544.0
641544.0
641544.0
641544.0
641544.0
641544.0
641544.0
641544.0
641544.0
641544.0
641544.0
641544.0
641544.0
641544.0
641544.0
641544.0
641544.0
641544.0
641544.0
641544.0
641544.0
641544.0
641544.0
641544.0
641544.0
641544.0
641544.0
641544.0
641544.0
641544.0
641544.0
641544.0
641544.0
641544.0
641544.0
638648.0
641544.0
641544.0
641544.0
641544.0
641544.0
641544.0
641544.0
641544.0
641544.0
641544.0
641544.0
641544.0
641544.0
641544.0
641544.0
641544.0
641544.0
641544.0
641544.0
641544.0
641544.0
641544.0
641544.0
641544.0
641544.0
641544.0
641544.0
641544.0
641544.0
641544.0
641544.0
641544.0
641544.0
641544.0
641544.0
641544.0
641544.0
641544.0
641544.0
641544.0
641544.0
641544.0
641544.0
641544.0
641544.0
641544.0
641544.0
641544.0
641544.0
641544.0
641544.0
641544.0
641544.0
641544.0
641544.0
641544.0
641544.0
641544.0
641544.0
641544.0
641544.0
641544.0
641544.0
641544.0
641544.0
641544.0
641544.0
641544.0
641544.0
641544.0
641544.0
641544.0
641544.0
641544.0
641544.0
641544.0
641544.0
641544.0
641544.0
641544.0
641544.0
641544.0
641544.0
641544.0
641544.0
641544.0
641544.0
641544.0
641544.0
641544.0
641544.0
641544.0
641544.0
