358
1
2
24
14
26
9
23
27
21
1063353
1904113
436673
5
13
19
444580
3
22
2729657
1661642
33
50
12
34
277091
35
18
2
36
2470665
2472729
586270
23
198781
63
15
2849262
14
8
19
5
3
13
32
2
240621
926906
19
1981589
24
29
12
12
2473159
30
2848854
13
2480807
16
7
219323
15
22
17
974825
9
4
23
10
2423061
27
2427119
22
41
14
33
33
1
15
21
6
1070049
20
34
17
13
225335
48
19
1479644
29
28
21
31
743827
15
14
59
20
11
846763
1529798
12
24
1259619
13
61
28
48
1346645
21
2
13
31
23
11
525367
2
30
43
1042454
802150
30
18
25
15
17
20
2051412
12
5
1346867
421014
29
2827151
3
34
30
9
24
7
20
953696
33
19
19
1598942
24
21
1692314
5
2629641
17
12
19
27
42
63
1228855
11
1118818
12
1616651
35
1
228
25
12
2568121
2570195
701117
47
2257641
22
1
9
8
1986957
10
57
9
30
22
2228966
15
43
2
1
17
12
29
1568132
23
19
17
2
31
2
1764375
1703479
24
2868205
10
727127
986263
352598
25
992390
18
16
39
2501447
15
1
1282727
3
17
11
16
2
29
1159224
39
27
42
1277988
12
10
32
1
7
37
4
37
8
19
30
23
917168
1907636
18
37
296882
934319
21
1
11
14
22
21
81
25
1
11
15
2
17
1388770
1496519
28
2589363
12
964217
150
15
29
237
772513
23
266898
17
270952
22
28
19
27
1654904
1882440
588106
29
17
594129
1519065
13
28
4
2103619
15
33
1
1170716
20
98
16
1
210455
15
859741
216311
10
2293876
11
1
1127573
34
14
24
24
13
982764
28
42
2559515
12
27
11
871306
2569486
1
2311264
31
30
17
20
16
14
26
1036410
32
11
209496
35
35
2378664
6
1288223
9
2338938
21
29
21
2346902
10
15
18
20
15
16
154889
1275861
12
19
2386981
27
20
9
21
25
13
24
24
25
5
1246832
21
2
18
29
16
1682759
2
10
15
196606
28
17
16
20
24
21
37
1584118
148231
29
5
424710
16
38
79
47
10
6
12
16
16
36
12
25
37
28
84
14
9
38
10
34
12
31
12
1218564
45
20
13
18
174048
13
32
9358
1
2
24
35
29
6
24
1059430
27
16
39
876973
18
15
16
11
1
18
2729657
38
10
165
3
39
2874188
1504740
3
13
15
2470665
18
13
30
500905
502771
1713034
596506
18
8
1370092
1371997
3
9
40
2
11
926906
19
3
20
2634248
2
4
65
30
16
18
21
18
1
8
2
1674944
7
1
1072974
5
14
2544750
11
13
1426159
9
8
15
7
38
583204
779138
21
2459618
7
7
31
221198
1
16
46
26
34
53
25
23
9
31
44
14
206
19
27
20
100
20
26
1535944
8
58
1662262
23
2491784
24
11
12
31
29
1161631
2126300
27
1
3463
1164317
1775500
16
34
30
16
14
12
5
10
7
1941672
15
20
2827143
19
429182
1194733
6
29
18
14
953696
1838236
17
19
17
1738320
31
46
155
1685722
7
2633763
21
22
23
25
1
1
1118818
19
1616651
9
1
1
303092
29
12
37
2306564
47
25
9
365558
18
17
1550620
79
3
2
22
23
27
19
1455109
2
9
274972
1631491
29
280
26
2499580
1944674
13
26
14
22
8
1320616
35
1772458
7
14
30
1561022
47
18
16
76570
2501447
15
34
15
46
29
11
16
22
26
1159224
1520315
1784471
36
708540
12
17
33
6
18
30
21
38
1448481
18
30
23
9
1340405
2396111
36
10
934319
579081
938231
1237951
12
42
21
23
25
21
10
1410596
1
38
17
1390767
32
29
28
1504461
1
292265
29
100
32
17
32
10
1
13
32
1023436
30
1
5
2593510
20
19
3
30
13
26
30
44
67
25
2849715
2
22
8
2130561
6
28
15
75
1314667
352213
15
13
2734651
29
786480
63
22
31
30
14
1800360
10
23221
1104799
22
1694228
2543607
6
943457
34
26
30
17
33
171
32
832946
27
5
11
835635
35
14
157121
6
37
21
24
7
9
10
16
7
16
7
12
11
1184335
24
1275861
857887
27
28
11
599725
19
31
53
11
17
30
39
40
20
23
2
25
1
1455949
69
4
1187801
27
10
2781237
26
16
25
24
18
10
1148851
366526
1522066
35
24
21
2093176
8
142
425388
7
8
431296
22
35
1315429
1269459
43
464025
18
14
13
1101923
18
34
15
33
481770
13
45
13
10
41
1241363
2041769
1
2
