37
37
37
37
37
37
37
37
37
37
126
126
126
126
126
126
126
126
126
126
262
262
262
262
262
262
262
262
262
262
312
312
312
312
312
312
312
312
312
312
450
450
450
450
450
450
450
450
450
450
752
752
752
752
752
752
752
752
752
752
1247
1247
1247
1247
1247
1247
1247
1247
1247
1247
37
37
37
37
36
37
37
37
37
37
126
126
126
126
126
126
126
126
126
126
261
261
261
261
261
261
261
260
260
260
307
312
307
307
307
307
307
307
307
307
525
516
516
516
525
516
516
525
525
525
1000
1000
1000
1000
1000
1000
1000
1000
1000
1000
1505
1506
1506
1506
1506
1506
1503
1506
1506
1506
37
37
37
37
38
38
37
37
37
37
126
127
127
127
127
127
127
127
126
127
251
251
250
252
274
251
252
251
250
252
313
306
307
307
305
307
305
313
307
315
527
516
525
515
516
516
516
515
515
516
1131
1130
1131
1132
1132
1131
1132
1067
1131
1132
2253
2252
2254
2251
2252
2252
2253
2253
2253
2253
37
41
36
38
39
37
37
39
39
58
128
123
127
128
128
122
123
127
128
121
250
252
252
252
250
267
251
250
250
251
307
307
305
306
306
306
306
303
306
306
516
526
527
525
526
527
515
527
526
526
967
1106
1153
1138
1139
1152
1143
1141
1141
1154
2273
2282
2273
2276
2275
2252
2272
2275
2271
1775
63
61
58
95
56
57
59
66
40
57
146
129
127
126
128
131
126
129
130
126
264
265
248
274
269
273
267
249
267
249
306
291
303
314
304
305
320
314
307
303
527
512
540
524
526
522
521
525
534
523
1137
1139
1127
1108
1141
1137
1153
1173
1129
1150
2231
2276
2262
1651
2243
2275
534
2286
2218
2241
65
62
67
64
72
70
74
67
75
79
155
153
145
146
152
156
158
142
219
152
289
284
448
307
290
302
276
455
290
280
502
824
533
527
535
526
296
481
272
478
570
581
536
417
567
570
543
582
569
181
1188
1151
1206
1183
760
1173
130
1187
1147
1186
2204
1950
2188
2261
2214
250
2204
1954
539
2273
